%     -----------------------------------------------------------------
%
%                              prob7_1.m
%
%  this file demonstrates example 7-1.
%
%                          companion code for
%             fundamentals of astrodynamics and applications
%                                 2007
%                            by david vallado
%
%     (w) 719-573-2600, email dvallado@agi.com
%
%     *****************************************************************
%
%  current :
%             9 oct 07  david vallado
%                         original
%  changes :
%             9 oct 07  david vallado
%                         original baseline
%
%     *****************************************************************

    constmath;
    constastro;
    re = 6378.137;
    mu = 3.986004418e5;
    tusec = 86400.0;
    
    re = 149597870.0;  % km in 1 au
    mu = 1.32712428e11;
    tu = 86400.0;
    
%    re = 1.0;  % 1 au
%    mu = 1.0;
%    tu = 1.0 / 58.132440906; % days in one solar tu
    au = 149597870.0;  % km in 1 au
    tus = 86400/au; % au/day to km/s 
    
    % 2 McKusky Heliocentric     pg 82
    %  1961 11  15  0  0  0.000    0.000000    0.000000    0.00 339.8645833 -10.89736111
    %  1961 12   2  0  0  0.000    0.000000    0.000000    0.00 341.9504167 -11.77486111
    %  1961 12  12  0  0  0.400    0.000000    0.000000    0.00 343.7545833 -11.93258333
    % 1 Gauss Orig - Montenbruck pg 245
    %  1805  9   5 24  8 42.000    0.000000    0.000000    0.00  95.9897500  22.35752222
    %  1806  1  17 22  5 42.000    0.000000    0.000000    0.00 101.3112083  30.35672222
    %  1806  5  23 20 20 56.400    0.000000    0.000000    0.00 121.9358333  28.04640000
    % 3 Rockwell  Obj J91A01P
    %  1995  3  29  8 36 41.184    0.000000    0.000000    0.00 162.8180833   6.42436111
    %  1995  3  29 10  8 24.000    0.000000    0.000000    0.00 162.8065416   6.42838888
    %  1995  3  29 10 59 26.880    0.000000    0.000000    0.00 162.8001250   6.43058333

    [jd1,jd1f]=jdayall(  1805,  9,   5, 24, 16,  5.000,'j');
    rtasc1 =   95.9897500/rad;
    decl1  =   22.35752222/rad;

    [jd2,jd2f]=jdayall(  1806,  1,  17, 22,  9,  5.000,'j');
    rtasc2 =  101.3112083/rad;
    decl2  =   30.35672222/rad;

    [jd3,jd3f]=jdayall(  1806,  5,  23, 20, 39,  9.000,'j');
    rtasc3 =  121.9358333/rad;
    decl3  =   28.04640000/rad;

    % earth position in 1805???
    rsite1 = [-0.9527095*re  0.3014385*re  0.1308476*re]';
    rsite2 = [ 0.4196540*re -0.8163169*re -0.3543437*re]';
    rsite3 = [ 0.5039939*re  0.8058414*re  0.3497957*re]';


    
    % ---------------------ceres orbital observations
    [jd1,jd1f]=jdayall(  1990,  1,   1,  0,  0,  0.000,'j');
    rtasc1 =   hms2rad( 5, 41, 14.1 );
    decl1  =   dms2rad(26, 26,  0.0 );

    [jd2,jd2f]=jdayall(  1990,  6,  12,  0,  0,  0.000,'j');
    rtasc2 =   hms2rad( 7, 59, 30.5 );
    decl2  =   dms2rad(26, 58, 15.0 );

    [jd3,jd3f]=jdayall(  1990,  12, 25,  0,  0,  0.000,'j');
    rtasc3 =   hms2rad(13, 33,  8.7 );
    decl3  =   dms2rad( 1,  0, 48.0 );

    % earth positions at 1 jan, 12 jun, and 25 dec 1990
    rsite1 = [-0.178961581*re  0.887451861*re  0.384750730*re]';
    rsite2 = [-0.160038443*re -0.919583501*re -0.398758454*re]';
    rsite3 = [-0.051224491*re  0.901866361*re  0.390962686*re]';
    

    % -------------------------------mars orbital observations
     [jd1,jd1f]=jdayall(  1989, 12,  31,  0,  0,  0.000,'j');
     rtasc1 =   16.4429*15.0*pi/180.0;
     decl1  =   -21.711*pi/180.0;
     
     [jd2,jd2f]=jdayall(  1990,  6,   9,  0,  0,  0.000,'j');
     rtasc2 =   0.4034*15.0*pi/180.0;
     decl2  =   0.507*pi/180.0;
 
     [jd3,jd3f]=jdayall(  1990,  12, 26,  0,  0,  0.000,'j');
     rtasc3 =   3.6975*15.0*pi/180.0;
     decl3  =   21.975*pi/180.0;
 
     % earth positions at 1 jan, 12 jun, and 25 dec 1990
     rsite1 = [-0.14376*re  0.89250*re  0.38697*re]';
     rsite2 = [-0.22664*re -0.90768*re -0.39355*re]';
     rsite3 = [-0.05231*re  0.90110*re  0.39070*re]';
     
     r2ans = [1.08711  -0.76841  -0.38185];  % mars, au


    % -------------------------------jupiter orbital observations
     [jd1,jd1f]=jdayall(  1989, 12,  31,  0,  0,  0.000,'j');
     rtasc1 =   6.4077*15.0*pi/180.0;
     decl1  =   23.198*pi/180.0;
     
     [jd2,jd2f]=jdayall(  1990,  6,   9,  0,  0,  0.000,'j');
     rtasc2 =   7.0450*15.0*pi/180.0;
     decl2  =   22.834*pi/180.0;
 
     [jd3,jd3f]=jdayall(  1990,  12, 26,  0,  0,  0.000,'j');
     rtasc3 =   9.0252*15.0*pi/180.0;
     decl3  =   17.625*pi/180.0;
 
     % earth positions at 1 jan, 12 jun, and 25 dec 1990
     rsite1 = [-0.14376*re  0.89250*re  0.38697*re]';
     rsite2 = [-0.22664*re -0.90768*re -0.39355*re]';
     rsite3 = [-0.05231*re  0.90110*re  0.39070*re]';
     
     r2ans = [-1.74284  4.49538  1.96939];  % jupiter, au

     
     
    % -------------------------------jupiter orbital observations
%     jd1=jdayall(  2011,  1,   1,  0,  0,  0.000,'j');
%     rtasc1 =   hms2rad(23, 49, 24.0 );
%     decl1  =   dms2rad(-2, 32,  0.0 );
% 
%     jd2=jdayall(  2011,  6,  10,  0,  0,  0.000,'j');
%     rtasc2 =   hms2rad( 1, 57, 24.0 );
%     decl2  =   dms2rad(10, 48,  0.0 );
% 
%     jd3=jdayall(  2011,  12, 19,  0,  0,  0.000,'j');
%     rtasc3 =   hms2rad( 1, 55, 12.0 );
%     decl3  =   dms2rad(10, 25,  0.0 );
% 
%     % earth positions at 1 jan, 12 jun, and 25 dec 1990
%     rsite1 = [-0.178961581*re  0.887451861*re  0.384750730*re]';
%     rsite2 = [-0.160038443*re -0.919583501*re -0.398758454*re]';
%     rsite3 = [-0.051224491*re  0.901866361*re  0.390962686*re]';
